17766642909868058130,10921800585070774953 1362
2254239507517002236 1069
1250430020833640405 928
11888569066379603503,5440450712221885825 923
7617576175906322793 725
2228837645322681220 715
17831095819213676676,6401429614148345475,7413676098539789267 708
12664715338521683012 630
4643344870051815303 625
4061357872113450280 607
14940779386657346302 545
11944729109494726624 537
726174711625580935 536
8457237997922496538,3590125064334610687 462
11097878024256170139 439
2471984348452499818 427
16496318242013452561,5236304695133591580 413
9019483855092094967 357
3748829117619888894 327
11040677895022456988 240
10777136530412179569 226
12619209345184003027 217
8095218463542481067 216
14394472478509816248,10712802329193176067,10810382578079898537 211
12731906589694221305 211
5302092154685965393 208
3745727334869718431 204
10986799122751558384 191
853064656161512620 188
935006617287790715 187
7069498466040704503 185
3032682055952922359,15011478903321003220 176
4348910575877017766 174
15579853227920259642 169
6107325531042162678 167
9872302690859149380 165
15554747939087267209 159
6345641206578854017,429102382613440114,16686636666309032266 157
9512221546668576266 148
16494053027693693141,2019155999972302238 148
7814826500218882810 147
14270822170481133370 143
987817177097090596,14403816878568058683 142
16268285809405443178,469567953459816391 139
8452519309966999214 136
7191906505151277407,14787094829126316446,1364901072355254494,12822792861799271249 135
3095269849835314095 132
6473644606884467791 131
15151328051935459123 122
18111976045562432877 118
18217003468169681800 112
11265103186217917709,1423804503041853700 105
17241763016461383750 105
17559374760333968488 102
6213467718649794463 96
7118994421153889601 96
2741664858361885827 88
10471445648121255184 86
8720581075310602102 85
17540712414676727046 84
5656251523520837481 78
1066608088401708066 76
13046200421462083749,13021360675733443150 76
9469285840365544650 74
4378530448644595594,13172941186413574025 71
2541886074262287878,8924460428753965278 69
3273553693892067877 68
18298112768791508981 64
4120965274846987962 59
4811395532917369896 57
15394221802384617228 54
1965523728393558029 52
9340353919503578071 48
7610480527513064046 47
7426372046771115962 47
6251633562887283614 45
16295130435365990103,2456547071832294344 45
14594985058292814073 45
13372045702551332348 43
684436662966421061 42
445881558823431528 41
8050740196543639739 41
3273742166310424316,14964455021812411272,6253902269778730814,1188360045255703991 41
4675131869514095820 41
8643764712186211160,3464702864064592867 40
13724877679765824056 40
15690173176823572703,5159519491829986435 36
7419221198329577195 34
17853791691398286654 34
9054275167516914311 31
11343709371087280313 29
7213583629655453228,1411114462101707243 28
16677551820371444052 27
13621041706202411296 27
17930901947040544584 26
5019892223730894925 26
10272593141167204712,12228237510741922196 25
14658936176419871996,405592559232898639 25
14659039718259909589 25
5184418631926702828,11400685212099843186 24
15581864934816424318 24
11847404813452014186 23
7474610793083089141 23
4502892611533604349 22
14583174141795727444,4662912927671142445 22
4200777730517717106 21
859611454737340250 19
6632947253215446952 19
4754725764254370698 18
16941674438635770595 18
7367173473048507714 17
40028831341852099,10343727954691350214 16
15983575394020585674 15
10736570628617082030 15
10306546315448360067 14
11937161593355680525 13
10121709138180957198 12
14778485542675494915 12
15526564212076251883 12
13486348739945366922,2898437834389851132 10
16401606764419060059 9
17712083587418275641 8
3304032280356441643,16508598121234258701 6
6614828188007191971 5
14072230040117113426 4
907208858266724409 3
3019874932806319751 3
1953885462158113209,6051611377697681801 2
12699100131549422568 2
13929491780548211252 1
10486665890979689546 1
14155094826299563540 1
1071790169840414222 1
NA 0
NA 0
NA 0
